1 3 5 7 9 
0 2 4 6 8 10 12 14 
1 3 5 7 9 
0 2 4 6 8 10 12 14 
1 3 5 7 9 
0 2 4 6 8 10 12 14 
1 3 5 7 9 
0 2 4 6 8 10 12 14 
1 3 5 7 9 
0 2 4 6 8 10 12 14 
1 3 5 7 9 
0 2 4 6 8 10 12 14 
1 3 5 7 9 
1 3 5 7 9 


0 


1 3 5 7 9 
1 3 5 7 9 
0 2 4 6 8 10 12 14 
1 3 5 7 9 
0 2 4 6 8 10 12 14 
1 3 5 7 9 
0 2 4 6 8 10 12 14 
1 3 5 7 9 
0 2 4 6 8 10 12 14 
Нечетное:  1 Нечетное:  3 Нечетное:  5 Нечетное:  7 Нечетное:  9 
Четное:  0 Четное:  2 Четное:  4 Четное:  6 Четное:  8 Четное: 10 Четное: 12 Четное: 14 
Нечетное:  1 Нечетное:  3 Нечетное:  5 Нечетное:  7 Нечетное:  9 
Четное:  0 Четное:  2 Четное:  4 Четное:  6 Четное:  8 Четное: 10 Четное: 12 Четное: 14 
Нечетное:  1 Нечетное:  3 Нечетное:  5 Нечетное:  7 Нечетное:  9 
Четное:  0 Четное:  2 Четное:  4 Четное:  6 Четное:  8 Четное: 10 Четное: 12 Четное: 14 
Нечетное:  1
Нечетное:  3
Нечетное:  5
Нечетное:  7
Нечетное:  9
Четное:  0
Четное:  2
Четное:  4
Четное:  6
Четное:  8
Четное: 10
Четное: 12
Четное: 14
Нечетное:  1 Нечетное:  3 Нечетное:  5 Нечетное:  7 Нечетное:  9 
Четное:  0 Четное:  2 Четное:  4 Четное:  6 Четное:  8 Четное: 10 Четное: 12 Четное: 14 
Нечетное:  1 Нечетное:  3 Нечетное:  5 Нечетное:  7 Нечетное:  9 
Четное:  0 Четное:  2 Четное:  4 Четное:  6 Четное:  8 Четное: 10 Четное: 12 Четное: 14 
